2.0000000000 3.0000000000
2.0000000000 3.0714285714
2.0000000000 3.6666666667
2.1555555556 1.5555555556
5.7319819820 5.3558558559
3.0068493151 3.3767123288
4.5324675325 3.6709956710
2.5409836066 2.6065573770
3.7419354839 1.4516129032
4.6465256798 5.1812688822
1.3837209302 4.9069767442
2.0277777778 4.9513888889
1.6800000000 1.6800000000
33.0076249080 26.6382181794
20.7955801105 1.5110497238
17.8798410282 37.9085066802
36.4044222539 2.4736091298
47.2048070007 39.9468352913
20.9126732889 24.6935924026
27.3899359561 33.8583714547
38.9765859141 23.3676323676
49.5497674419 3.0172093023
19.0098252596 47.3291461974
50.4329393119 50.3906975720
50.5454993614 50.3266408228
50.6034689125 50.4216230332
50.5482884679 50.5582364019
50.4444220926 50.5670667650
50.6150587924 50.8548390655
50.7446455439 50.4644216302
50.5177086337 50.3428178572
50.3266380044 50.3764163196
50.4283181526 50.2099594442
2.2173913043 36.5652173913
6.6097560976 57.6097560976
17.1904761905 20.9047619048
48.3333333333 57.5000000000
5.9000000000 5.6000000000
6.7407407407 33.7037037037
5.3076923077 24.1923076923
36.3684210526 17.0526315789
25.3103448276 39.4827586207
1.5217391304 13.7391304348
9.2000000000 64.4000000000
58.7894736842 38.6842105263
66.0000000000 60.5714285714
52.8500000000 57.3500000000
57.5652173913 45.9130434783
59.3000000000 57.8000000000
21.2222222222 40.1111111111
