2.0000000000 3.0000000000
2.0000000000 3.0714285714
2.0000000000 3.6666666667
1.4687500000 4.0468750000
3.9492753623 2.3188405797
5.2162162162 2.4324324324
2.0102040816 4.1428571429
4.7242339833 5.2952646240
2.4530386740 5.6685082873
5.3121693122 4.8492063492
5.7440476190 2.5892857143
4.3829787234 1.0000000000
1.0000000000 5.3181818182
9.9125183016 34.0058565154
37.2120368128 13.1392589005
4.5175411363 45.1207699472
31.8458985563 31.7627081144
12.5612037414 23.2088247255
8.4267437785 40.2248510340
10.5513183700 24.8801481804
21.5942776735 39.8376440633
12.5435165610 27.0295983087
11.4428771401 48.8648648649
50.8204538417 50.4309727076
50.3860900187 50.6452294487
50.6953163370 50.7157655043
50.5276861346 50.0539901917
50.7204738331 50.5132602546
50.6254213982 50.5939939674
50.5801040168 50.5126258714
50.5314492043 50.3088753176
50.3713557503 50.5795027723
50.5713137627 50.8108940730
5.2647058824 19.6764705882
2.6800000000 46.0400000000
12.4848484848 11.0303030303
17.4166666667 2.4166666667
23.1750000000 15.9000000000
8.7142857143 15.2857142857
41.4838709677 39.5483870968
13.8620689655 28.2758620690
50.1304347826 19.7826086957
28.0303030303 28.0303030303
48.8108108108 54.5135135135
53.7368421053 52.4210526316
67.1818181818 42.5454545455
42.2000000000 55.2000000000
40.2000000000 57.0000000000
24.0000000000 42.8571428571
44.1000000000 51.4250000000
